&fortin

 rho_l = 1.2177012684445559E-006  
 u_l = -1621300.1359173164
 p_l = 6639.0621411679012
 re_l = 60335.001184629276
 gc_l = 1.6666666666666667     

 rho_r = 4.9043549436435643E-006
 u_r = -226856.16081785280
 p_r = 2918338.4572015228
 re_r = 4376963.3076444119
 gc_r = 1.6666666666666667     

 cav_s = 540272.69197103498
 smallc_s = 9.9688996495889311E-003

/

