problem.rho_l = 10000000.000000000
problem.u_l   = 0.0000000000000000
problem.p_l   = 8.3995387270236288e23

problem.rho_r = 9999999.9997835699
problem.u_r   = 7.5603721561360530e-3
problem.p_r   = 8.3995387267595098e23

problem.use_Tinit = 0

problem.xmin  = 0.0
problem.xmax  = 1.0e6
problem.xjump = 0.5e6

problem.t     = 0.0008

problem.npts  = 512
