problem.rho_l = 4652355.8103695335
problem.u_l = 245111315.38000077
problem.p_l = 2.6202854395637027e23

problem.rho_r = 3941475.9501159284
problem.u_r = 308790982.62686896
problem.p_r = 1.7831374154698178e23

problem.use_Tinit = 0

problem.xmin  = 0.0
problem.xmax  = 1.0e6
problem.xjump = 0.5e6

problem.t     = 0.0008

problem.npts  = 512

castro.riemann_shock_maxiter = 100