&PROBIN
rho_l = 1000000.0000087575
u_l   = 1.7542204511682025E-003
p_l   = 2.5545726357411916E+022

rho_r = 1000000.0000008176
u_r   = 1.6084453066175721E-004
p_r   = 2.5545726357093430E+022

use_Tinit = F

xmin  = 0.0d0
xmax  = 1.0d6
xjump = 0.5d6

t     = 0.0008d0

npts  = 512
/
