problem.rho_l = 999999.99999999919 
problem.u_l   = -1.0416100368716371e-7
problem.p_l   = 2.5545726357059733e22

problem.rho_r = 1000000.0000000001
problem.u_r   = 3.1293005399577330e-8
problem.p_r   = 2.5545726357059603e22

problem.use_Tinit = 0

problem.xmin  = 0.0
problem.xmax  = 1.0e6
problem.xjump = 0.5e6

problem.t     = 0.0008

problem.npts  = 512

