problem.rho_l = 1000000.0000087575
problem.u_l   = 1.7542204511682025e-3
problem.p_l   = 2.5545726357411916e22

problem.rho_r = 1000000.0000008176
problem.u_r   = 1.6084453066175721e-4
problem.p_r   = 2.5545726357093430e22

problem.use_Tinit = 0

problem.xmin  = 0.0
problem.xmax  = 1.0e6
problem.xjump = 0.5e6

problem.t     = 0.0008

problem.npts  = 512

