
problem.rho_l = 9966262.1175702065
problem.u_l   = 0.0
problem.p_l   = 8.3587654942997824e23

problem.rho_r = 9966262.1175702065
problem.u_r   = 0.0
problem.p_r   = 8.3587654942997824e23

problem.use_Tinit = 0

problem.xmin  = 0.0
problem.xmax  = 1.0e6
problem.xjump = 0.5e6

problem.t     = 0.0008

problem.npts  = 512

