&PROBIN
rho_l = 3580722.0916913399
u_l   = 322668100.40387279
p_l   = 1.8188715485693999E+023

rho_r = 3581635.0216517681
u_r   = 322572082.26787251
p_r   = 1.8203379294478181E+023

use_Tinit = F

xmin  = 0.0d0
xmax  = 1.0d6
xjump = 0.5d6

t     = 0.0008d0

npts  = 512
/
