&PROBIN
rho_l = 9966262.1175702065
u_l   = 0.0d0
p_l   = 8.3587654942997824E+023

rho_r = 9966262.1175702065
u_r   = 0.0d0
p_r   = 8.3587654942997824E+023

use_Tinit = F

xmin  = 0.0d0
xmax  = 1.0d6
xjump = 0.5d6

t     = 0.0008d0

npts  = 512
/
