&PROBIN
rho_l = 4652355.8103695335
u_l = 245111315.38000077
p_l = 2.6202854395637027E+023

rho_r = 3941475.9501159284
u_r = 308790982.62686896
p_r = 1.7831374154698178E+023

use_Tinit = F

xmin  = 0.0d0
xmax  = 1.0d6
xjump = 0.5d6

t     = 0.0008d0

npts  = 512
/
