&PROBIN
rho_l = 1000000.6293909759
u_l   = 126.13246111255410
p_l   = 2.5545751633120591E+022

rho_r = 1000000.0000000000
u_r   = 0.0000000000000000
p_r   = 2.5545726357059737E+022

use_Tinit = F

xmin  = 0.0d0
xmax  = 1.0d6
xjump = 0.5d6

t     = 0.0008d0

npts  = 512
/
