problem.rho_l = 1000000.6293909759
problem.u_l   = 126.13246111255410
problem.p_l   = 2.5545751633120591e22

problem.rho_r = 1000000.0000000000
problem.u_r   = 0.0000000000000000
problem.p_r   = 2.5545726357059737e22

problem.use_Tinit = 0

problem.xmin  = 0.0e0
problem.xmax  = 1.0e6
problem.xjump = 0.5e6

problem.t     = 0.0008

problem.npts  = 512

