&PROBIN
rho_l = 999999.99999999919 
u_l   = -1.0416100368716371E-007
p_l   = 2.5545726357059733E+022

rho_r = 1000000.0000000001
u_r   = 3.1293005399577330E-008
p_r   = 2.5545726357059603E+022

use_Tinit = F

xmin  = 0.0d0
xmax  = 1.0d6
xjump = 0.5d6

t     = 0.0008d0

npts  = 512
/
