&PROBIN
rho_l = 10000000.000000000
u_l   = 0.0000000000000000
p_l   = 8.3995387270236288E+023

rho_r = 9999999.9997835699
u_r   = 7.5603721561360530E-003
p_r   = 8.3995387267595098E+023

use_Tinit = F

xmin  = 0.0d0
xmax  = 1.0d6
xjump = 0.5d6

t     = 0.0008d0

npts  = 512
/
