&PROBIN
rho_l = 4279167.7148939800
u_l   = 271166608.16568649
p_l   = 2.3828643572864523E+023

rho_r = 3765767.4745402816
u_r   = 307194088.68056262
p_r   = 1.9621548697674431E+023

use_Tinit = F

xmin  = 0.0d0
xmax  = 1.0d6
xjump = 0.5d6

t     = 0.0008d0

npts  = 512
/
