FILE = inputs.common

geometry.prob_hi   =  1028592.5510613156 0.0 0.0   # = 5.12 (dimensionless)

amr.n_cell   =  2048 1 1

castro.fixed_dt  =   5.8034111885662051e-08   # 1/200

radiation.use_WiensLaw = 1
radiation.Tf_Wien = 1.1604518737857157e5   # .1 (dimensionless)

