&fortin
  rho_0 = 1.8212111d-5
  T_0 = 0.1d0
  kappa_0 = 4.0628337d43
  x_jump = 0.5d0
/


&extern

  eos_const_c_v =  99968636.6828d0
  eos_c_v_exp_m =  0.0d0
  eos_c_v_exp_n =  0.0d0

  const_kappa_p =  4.0628337d43
  kappa_p_exp_m =  0.0d0
  kappa_p_exp_n =  0.0d0
  kappa_p_exp_p = -3.0d0

  kappa_floor = -1.d50

/
